Time 0
Waiting clients: (0,2,2);(11,2,3);(13,2,4);(35,2,4);(18,3,1);(23,3,3);(21,4,3);(26,4,6);(33,4,1);(2,5,4);(37,5,4);(44,5,3);(49,8,1);(14,10,2);(38,11,7);(41,11,1);(25,12,2);(15,18,6);(43,20,7);(8,21,4);(39,21,5);(6,22,6);(40,22,7);(47,22,7);(3,23,5);(9,23,1);(12,23,5);(5,24,1);(30,24,2);(10,26,7);(16,26,4);(22,26,1);(29,26,1);(42,26,6);(24,27,5);(1,28,3);(17,29,1);(27,29,6);(4,30,6);(31,30,7);(32,30,7);(34,30,5);(45,30,4);(7,31,3);(46,32,2);(19,33,2);(48,35,7);(28,37,5);(36,38,4);(20,40,4);
Queue 1: closed
Queue 2: closed
Queue 3: closed
Queue 4: closed
Queue 5: closed
Time 1
Waiting clients: (0,2,2);(11,2,3);(13,2,4);(35,2,4);(18,3,1);(23,3,3);(21,4,3);(26,4,6);(33,4,1);(2,5,4);(37,5,4);(44,5,3);(49,8,1);(14,10,2);(38,11,7);(41,11,1);(25,12,2);(15,18,6);(43,20,7);(8,21,4);(39,21,5);(6,22,6);(40,22,7);(47,22,7);(3,23,5);(9,23,1);(12,23,5);(5,24,1);(30,24,2);(10,26,7);(16,26,4);(22,26,1);(29,26,1);(42,26,6);(24,27,5);(1,28,3);(17,29,1);(27,29,6);(4,30,6);(31,30,7);(32,30,7);(34,30,5);(45,30,4);(7,31,3);(46,32,2);(19,33,2);(48,35,7);(28,37,5);(36,38,4);(20,40,4);
Queue 1: closed
Queue 2: closed
Queue 3: closed
Queue 4: closed
Queue 5: closed
Time 2
Waiting clients: (18,3,1);(23,3,3);(21,4,3);(26,4,6);(33,4,1);(2,5,4);(37,5,4);(44,5,3);(49,8,1);(14,10,2);(38,11,7);(41,11,1);(25,12,2);(15,18,6);(43,20,7);(8,21,4);(39,21,5);(6,22,6);(40,22,7);(47,22,7);(3,23,5);(9,23,1);(12,23,5);(5,24,1);(30,24,2);(10,26,7);(16,26,4);(22,26,1);(29,26,1);(42,26,6);(24,27,5);(1,28,3);(17,29,1);(27,29,6);(4,30,6);(31,30,7);(32,30,7);(34,30,5);(45,30,4);(7,31,3);(46,32,2);(19,33,2);(48,35,7);(28,37,5);(36,38,4);(20,40,4);
Queue 1: (0,2,2);
Queue 2: (11,2,3);
Queue 3: (13,2,4);
Queue 4: (35,2,4);
Queue 5: closed
Time 3
Waiting clients: (21,4,3);(26,4,6);(33,4,1);(2,5,4);(37,5,4);(44,5,3);(49,8,1);(14,10,2);(38,11,7);(41,11,1);(25,12,2);(15,18,6);(43,20,7);(8,21,4);(39,21,5);(6,22,6);(40,22,7);(47,22,7);(3,23,5);(9,23,1);(12,23,5);(5,24,1);(30,24,2);(10,26,7);(16,26,4);(22,26,1);(29,26,1);(42,26,6);(24,27,5);(1,28,3);(17,29,1);(27,29,6);(4,30,6);(31,30,7);(32,30,7);(34,30,5);(45,30,4);(7,31,3);(46,32,2);(19,33,2);(48,35,7);(28,37,5);(36,38,4);(20,40,4);
Queue 1: (0,2,1);
Queue 2: (11,2,2);
Queue 3: (13,2,3);
Queue 4: (35,2,3);
Queue 5: (18,3,1); (23,3,3);
Time 4
Waiting clients: (2,5,4);(37,5,4);(44,5,3);(49,8,1);(14,10,2);(38,11,7);(41,11,1);(25,12,2);(15,18,6);(43,20,7);(8,21,4);(39,21,5);(6,22,6);(40,22,7);(47,22,7);(3,23,5);(9,23,1);(12,23,5);(5,24,1);(30,24,2);(10,26,7);(16,26,4);(22,26,1);(29,26,1);(42,26,6);(24,27,5);(1,28,3);(17,29,1);(27,29,6);(4,30,6);(31,30,7);(32,30,7);(34,30,5);(45,30,4);(7,31,3);(46,32,2);(19,33,2);(48,35,7);(28,37,5);(36,38,4);(20,40,4);
Queue 1: (21,4,3);
Queue 2: (11,2,1); (26,4,6);
Queue 3: (13,2,2); (33,4,1);
Queue 4: (35,2,2);
Queue 5: (23,3,3);
Time 5
Waiting clients: (49,8,1);(14,10,2);(38,11,7);(41,11,1);(25,12,2);(15,18,6);(43,20,7);(8,21,4);(39,21,5);(6,22,6);(40,22,7);(47,22,7);(3,23,5);(9,23,1);(12,23,5);(5,24,1);(30,24,2);(10,26,7);(16,26,4);(22,26,1);(29,26,1);(42,26,6);(24,27,5);(1,28,3);(17,29,1);(27,29,6);(4,30,6);(31,30,7);(32,30,7);(34,30,5);(45,30,4);(7,31,3);(46,32,2);(19,33,2);(48,35,7);(28,37,5);(36,38,4);(20,40,4);
Queue 1: (21,4,2); (44,5,3);
Queue 2: (26,4,6);
Queue 3: (13,2,1); (33,4,1);
Queue 4: (35,2,1); (2,5,4);
Queue 5: (23,3,2); (37,5,4);
Time 6
Waiting clients: (49,8,1);(14,10,2);(38,11,7);(41,11,1);(25,12,2);(15,18,6);(43,20,7);(8,21,4);(39,21,5);(6,22,6);(40,22,7);(47,22,7);(3,23,5);(9,23,1);(12,23,5);(5,24,1);(30,24,2);(10,26,7);(16,26,4);(22,26,1);(29,26,1);(42,26,6);(24,27,5);(1,28,3);(17,29,1);(27,29,6);(4,30,6);(31,30,7);(32,30,7);(34,30,5);(45,30,4);(7,31,3);(46,32,2);(19,33,2);(48,35,7);(28,37,5);(36,38,4);(20,40,4);
Queue 1: (21,4,1); (44,5,3);
Queue 2: (26,4,5);
Queue 3: (33,4,1);
Queue 4: (2,5,4);
Queue 5: (23,3,1); (37,5,4);
Time 7
Waiting clients: (49,8,1);(14,10,2);(38,11,7);(41,11,1);(25,12,2);(15,18,6);(43,20,7);(8,21,4);(39,21,5);(6,22,6);(40,22,7);(47,22,7);(3,23,5);(9,23,1);(12,23,5);(5,24,1);(30,24,2);(10,26,7);(16,26,4);(22,26,1);(29,26,1);(42,26,6);(24,27,5);(1,28,3);(17,29,1);(27,29,6);(4,30,6);(31,30,7);(32,30,7);(34,30,5);(45,30,4);(7,31,3);(46,32,2);(19,33,2);(48,35,7);(28,37,5);(36,38,4);(20,40,4);
Queue 1: (44,5,3);
Queue 2: (26,4,4);
Queue 3: closed
Queue 4: (2,5,3);
Queue 5: (37,5,4);
Time 8
Waiting clients: (14,10,2);(38,11,7);(41,11,1);(25,12,2);(15,18,6);(43,20,7);(8,21,4);(39,21,5);(6,22,6);(40,22,7);(47,22,7);(3,23,5);(9,23,1);(12,23,5);(5,24,1);(30,24,2);(10,26,7);(16,26,4);(22,26,1);(29,26,1);(42,26,6);(24,27,5);(1,28,3);(17,29,1);(27,29,6);(4,30,6);(31,30,7);(32,30,7);(34,30,5);(45,30,4);(7,31,3);(46,32,2);(19,33,2);(48,35,7);(28,37,5);(36,38,4);(20,40,4);
Queue 1: (44,5,2);
Queue 2: (26,4,3);
Queue 3: (49,8,1);
Queue 4: (2,5,2);
Queue 5: (37,5,3);
Time 9
Waiting clients: (14,10,2);(38,11,7);(41,11,1);(25,12,2);(15,18,6);(43,20,7);(8,21,4);(39,21,5);(6,22,6);(40,22,7);(47,22,7);(3,23,5);(9,23,1);(12,23,5);(5,24,1);(30,24,2);(10,26,7);(16,26,4);(22,26,1);(29,26,1);(42,26,6);(24,27,5);(1,28,3);(17,29,1);(27,29,6);(4,30,6);(31,30,7);(32,30,7);(34,30,5);(45,30,4);(7,31,3);(46,32,2);(19,33,2);(48,35,7);(28,37,5);(36,38,4);(20,40,4);
Queue 1: (44,5,1);
Queue 2: (26,4,2);
Queue 3: closed
Queue 4: (2,5,1);
Queue 5: (37,5,2);
Time 10
Waiting clients: (38,11,7);(41,11,1);(25,12,2);(15,18,6);(43,20,7);(8,21,4);(39,21,5);(6,22,6);(40,22,7);(47,22,7);(3,23,5);(9,23,1);(12,23,5);(5,24,1);(30,24,2);(10,26,7);(16,26,4);(22,26,1);(29,26,1);(42,26,6);(24,27,5);(1,28,3);(17,29,1);(27,29,6);(4,30,6);(31,30,7);(32,30,7);(34,30,5);(45,30,4);(7,31,3);(46,32,2);(19,33,2);(48,35,7);(28,37,5);(36,38,4);(20,40,4);
Queue 1: closed
Queue 2: (26,4,1);
Queue 3: (14,10,2);
Queue 4: closed
Queue 5: (37,5,1);
Time 11
Waiting clients: (25,12,2);(15,18,6);(43,20,7);(8,21,4);(39,21,5);(6,22,6);(40,22,7);(47,22,7);(3,23,5);(9,23,1);(12,23,5);(5,24,1);(30,24,2);(10,26,7);(16,26,4);(22,26,1);(29,26,1);(42,26,6);(24,27,5);(1,28,3);(17,29,1);(27,29,6);(4,30,6);(31,30,7);(32,30,7);(34,30,5);(45,30,4);(7,31,3);(46,32,2);(19,33,2);(48,35,7);(28,37,5);(36,38,4);(20,40,4);
Queue 1: (38,11,7);
Queue 2: closed
Queue 3: (14,10,1); (41,11,1);
Queue 4: closed
Queue 5: closed
Time 12
Waiting clients: (15,18,6);(43,20,7);(8,21,4);(39,21,5);(6,22,6);(40,22,7);(47,22,7);(3,23,5);(9,23,1);(12,23,5);(5,24,1);(30,24,2);(10,26,7);(16,26,4);(22,26,1);(29,26,1);(42,26,6);(24,27,5);(1,28,3);(17,29,1);(27,29,6);(4,30,6);(31,30,7);(32,30,7);(34,30,5);(45,30,4);(7,31,3);(46,32,2);(19,33,2);(48,35,7);(28,37,5);(36,38,4);(20,40,4);
Queue 1: (38,11,6);
Queue 2: closed
Queue 3: (41,11,1);
Queue 4: (25,12,2);
Queue 5: closed
Time 13
Waiting clients: (15,18,6);(43,20,7);(8,21,4);(39,21,5);(6,22,6);(40,22,7);(47,22,7);(3,23,5);(9,23,1);(12,23,5);(5,24,1);(30,24,2);(10,26,7);(16,26,4);(22,26,1);(29,26,1);(42,26,6);(24,27,5);(1,28,3);(17,29,1);(27,29,6);(4,30,6);(31,30,7);(32,30,7);(34,30,5);(45,30,4);(7,31,3);(46,32,2);(19,33,2);(48,35,7);(28,37,5);(36,38,4);(20,40,4);
Queue 1: (38,11,5);
Queue 2: closed
Queue 3: closed
Queue 4: (25,12,1);
Queue 5: closed
Time 14
Waiting clients: (15,18,6);(43,20,7);(8,21,4);(39,21,5);(6,22,6);(40,22,7);(47,22,7);(3,23,5);(9,23,1);(12,23,5);(5,24,1);(30,24,2);(10,26,7);(16,26,4);(22,26,1);(29,26,1);(42,26,6);(24,27,5);(1,28,3);(17,29,1);(27,29,6);(4,30,6);(31,30,7);(32,30,7);(34,30,5);(45,30,4);(7,31,3);(46,32,2);(19,33,2);(48,35,7);(28,37,5);(36,38,4);(20,40,4);
Queue 1: (38,11,4);
Queue 2: closed
Queue 3: closed
Queue 4: closed
Queue 5: closed
Time 15
Waiting clients: (15,18,6);(43,20,7);(8,21,4);(39,21,5);(6,22,6);(40,22,7);(47,22,7);(3,23,5);(9,23,1);(12,23,5);(5,24,1);(30,24,2);(10,26,7);(16,26,4);(22,26,1);(29,26,1);(42,26,6);(24,27,5);(1,28,3);(17,29,1);(27,29,6);(4,30,6);(31,30,7);(32,30,7);(34,30,5);(45,30,4);(7,31,3);(46,32,2);(19,33,2);(48,35,7);(28,37,5);(36,38,4);(20,40,4);
Queue 1: (38,11,3);
Queue 2: closed
Queue 3: closed
Queue 4: closed
Queue 5: closed
Time 16
Waiting clients: (15,18,6);(43,20,7);(8,21,4);(39,21,5);(6,22,6);(40,22,7);(47,22,7);(3,23,5);(9,23,1);(12,23,5);(5,24,1);(30,24,2);(10,26,7);(16,26,4);(22,26,1);(29,26,1);(42,26,6);(24,27,5);(1,28,3);(17,29,1);(27,29,6);(4,30,6);(31,30,7);(32,30,7);(34,30,5);(45,30,4);(7,31,3);(46,32,2);(19,33,2);(48,35,7);(28,37,5);(36,38,4);(20,40,4);
Queue 1: (38,11,2);
Queue 2: closed
Queue 3: closed
Queue 4: closed
Queue 5: closed
Time 17
Waiting clients: (15,18,6);(43,20,7);(8,21,4);(39,21,5);(6,22,6);(40,22,7);(47,22,7);(3,23,5);(9,23,1);(12,23,5);(5,24,1);(30,24,2);(10,26,7);(16,26,4);(22,26,1);(29,26,1);(42,26,6);(24,27,5);(1,28,3);(17,29,1);(27,29,6);(4,30,6);(31,30,7);(32,30,7);(34,30,5);(45,30,4);(7,31,3);(46,32,2);(19,33,2);(48,35,7);(28,37,5);(36,38,4);(20,40,4);
Queue 1: (38,11,1);
Queue 2: closed
Queue 3: closed
Queue 4: closed
Queue 5: closed
Time 18
Waiting clients: (43,20,7);(8,21,4);(39,21,5);(6,22,6);(40,22,7);(47,22,7);(3,23,5);(9,23,1);(12,23,5);(5,24,1);(30,24,2);(10,26,7);(16,26,4);(22,26,1);(29,26,1);(42,26,6);(24,27,5);(1,28,3);(17,29,1);(27,29,6);(4,30,6);(31,30,7);(32,30,7);(34,30,5);(45,30,4);(7,31,3);(46,32,2);(19,33,2);(48,35,7);(28,37,5);(36,38,4);(20,40,4);
Queue 1: closed
Queue 2: closed
Queue 3: closed
Queue 4: closed
Queue 5: (15,18,6);
Time 19
Waiting clients: (43,20,7);(8,21,4);(39,21,5);(6,22,6);(40,22,7);(47,22,7);(3,23,5);(9,23,1);(12,23,5);(5,24,1);(30,24,2);(10,26,7);(16,26,4);(22,26,1);(29,26,1);(42,26,6);(24,27,5);(1,28,3);(17,29,1);(27,29,6);(4,30,6);(31,30,7);(32,30,7);(34,30,5);(45,30,4);(7,31,3);(46,32,2);(19,33,2);(48,35,7);(28,37,5);(36,38,4);(20,40,4);
Queue 1: closed
Queue 2: closed
Queue 3: closed
Queue 4: closed
Queue 5: (15,18,5);
Time 20
Waiting clients: (8,21,4);(39,21,5);(6,22,6);(40,22,7);(47,22,7);(3,23,5);(9,23,1);(12,23,5);(5,24,1);(30,24,2);(10,26,7);(16,26,4);(22,26,1);(29,26,1);(42,26,6);(24,27,5);(1,28,3);(17,29,1);(27,29,6);(4,30,6);(31,30,7);(32,30,7);(34,30,5);(45,30,4);(7,31,3);(46,32,2);(19,33,2);(48,35,7);(28,37,5);(36,38,4);(20,40,4);
Queue 1: closed
Queue 2: (43,20,7);
Queue 3: closed
Queue 4: closed
Queue 5: (15,18,4);
Time 21
Waiting clients: (6,22,6);(40,22,7);(47,22,7);(3,23,5);(9,23,1);(12,23,5);(5,24,1);(30,24,2);(10,26,7);(16,26,4);(22,26,1);(29,26,1);(42,26,6);(24,27,5);(1,28,3);(17,29,1);(27,29,6);(4,30,6);(31,30,7);(32,30,7);(34,30,5);(45,30,4);(7,31,3);(46,32,2);(19,33,2);(48,35,7);(28,37,5);(36,38,4);(20,40,4);
Queue 1: closed
Queue 2: (43,20,6);
Queue 3: (8,21,4);
Queue 4: (39,21,5);
Queue 5: (15,18,3);
Time 22
Waiting clients: (3,23,5);(9,23,1);(12,23,5);(5,24,1);(30,24,2);(10,26,7);(16,26,4);(22,26,1);(29,26,1);(42,26,6);(24,27,5);(1,28,3);(17,29,1);(27,29,6);(4,30,6);(31,30,7);(32,30,7);(34,30,5);(45,30,4);(7,31,3);(46,32,2);(19,33,2);(48,35,7);(28,37,5);(36,38,4);(20,40,4);
Queue 1: (47,22,7);
Queue 2: (43,20,5);
Queue 3: (8,21,3); (6,22,6);
Queue 4: (39,21,4);
Queue 5: (15,18,2); (40,22,7);
Time 23
Waiting clients: (5,24,1);(30,24,2);(10,26,7);(16,26,4);(22,26,1);(29,26,1);(42,26,6);(24,27,5);(1,28,3);(17,29,1);(27,29,6);(4,30,6);(31,30,7);(32,30,7);(34,30,5);(45,30,4);(7,31,3);(46,32,2);(19,33,2);(48,35,7);(28,37,5);(36,38,4);(20,40,4);
Queue 1: (47,22,6);
Queue 2: (43,20,4); (9,23,1); (12,23,5);
Queue 3: (8,21,2); (6,22,6);
Queue 4: (39,21,3); (3,23,5);
Queue 5: (15,18,1); (40,22,7);
Time 24
Waiting clients: (10,26,7);(16,26,4);(22,26,1);(29,26,1);(42,26,6);(24,27,5);(1,28,3);(17,29,1);(27,29,6);(4,30,6);(31,30,7);(32,30,7);(34,30,5);(45,30,4);(7,31,3);(46,32,2);(19,33,2);(48,35,7);(28,37,5);(36,38,4);(20,40,4);
Queue 1: (47,22,5);
Queue 2: (43,20,3); (9,23,1); (12,23,5);
Queue 3: (8,21,1); (6,22,6); (5,24,1); (30,24,2);
Queue 4: (39,21,2); (3,23,5);
Queue 5: (40,22,7);
Time 25
Waiting clients: (10,26,7);(16,26,4);(22,26,1);(29,26,1);(42,26,6);(24,27,5);(1,28,3);(17,29,1);(27,29,6);(4,30,6);(31,30,7);(32,30,7);(34,30,5);(45,30,4);(7,31,3);(46,32,2);(19,33,2);(48,35,7);(28,37,5);(36,38,4);(20,40,4);
Queue 1: (47,22,4);
Queue 2: (43,20,2); (9,23,1); (12,23,5);
Queue 3: (6,22,6); (5,24,1); (30,24,2);
Queue 4: (39,21,1); (3,23,5);
Queue 5: (40,22,6);
Time 26
Waiting clients: (24,27,5);(1,28,3);(17,29,1);(27,29,6);(4,30,6);(31,30,7);(32,30,7);(34,30,5);(45,30,4);(7,31,3);(46,32,2);(19,33,2);(48,35,7);(28,37,5);(36,38,4);(20,40,4);
Queue 1: (47,22,3); (22,26,1);
Queue 2: (43,20,1); (9,23,1); (12,23,5); (29,26,1);
Queue 3: (6,22,5); (5,24,1); (30,24,2); (42,26,6);
Queue 4: (3,23,5); (10,26,7);
Queue 5: (40,22,5); (16,26,4);
Time 27
Waiting clients: (1,28,3);(17,29,1);(27,29,6);(4,30,6);(31,30,7);(32,30,7);(34,30,5);(45,30,4);(7,31,3);(46,32,2);(19,33,2);(48,35,7);(28,37,5);(36,38,4);(20,40,4);
Queue 1: (47,22,2); (22,26,1); (24,27,5);
Queue 2: (9,23,1); (12,23,5); (29,26,1);
Queue 3: (6,22,4); (5,24,1); (30,24,2); (42,26,6);
Queue 4: (3,23,4); (10,26,7);
Queue 5: (40,22,4); (16,26,4);
Time 28
Waiting clients: (17,29,1);(27,29,6);(4,30,6);(31,30,7);(32,30,7);(34,30,5);(45,30,4);(7,31,3);(46,32,2);(19,33,2);(48,35,7);(28,37,5);(36,38,4);(20,40,4);
Queue 1: (47,22,1); (22,26,1); (24,27,5);
Queue 2: (12,23,5); (29,26,1); (1,28,3);
Queue 3: (6,22,3); (5,24,1); (30,24,2); (42,26,6);
Queue 4: (3,23,3); (10,26,7);
Queue 5: (40,22,3); (16,26,4);
Time 29
Waiting clients: (4,30,6);(31,30,7);(32,30,7);(34,30,5);(45,30,4);(7,31,3);(46,32,2);(19,33,2);(48,35,7);(28,37,5);(36,38,4);(20,40,4);
Queue 1: (22,26,1); (24,27,5);
Queue 2: (12,23,4); (29,26,1); (1,28,3); (27,29,6);
Queue 3: (6,22,2); (5,24,1); (30,24,2); (42,26,6);
Queue 4: (3,23,2); (10,26,7);
Queue 5: (40,22,2); (16,26,4); (17,29,1);
Time 30
Waiting clients: (7,31,3);(46,32,2);(19,33,2);(48,35,7);(28,37,5);(36,38,4);(20,40,4);
Queue 1: (24,27,5); (32,30,7);
Queue 2: (12,23,3); (29,26,1); (1,28,3); (27,29,6); (45,30,4);
Queue 3: (6,22,1); (5,24,1); (30,24,2); (42,26,6); (34,30,5);
Queue 4: (3,23,1); (10,26,7); (31,30,7);
Queue 5: (40,22,1); (16,26,4); (17,29,1); (4,30,6);
Time 31
Waiting clients: (46,32,2);(19,33,2);(48,35,7);(28,37,5);(36,38,4);(20,40,4);
Queue 1: (24,27,4); (32,30,7);
Queue 2: (12,23,2); (29,26,1); (1,28,3); (27,29,6); (45,30,4);
Queue 3: (5,24,1); (30,24,2); (42,26,6); (34,30,5);
Queue 4: (10,26,7); (31,30,7);
Queue 5: (16,26,4); (17,29,1); (4,30,6); (7,31,3);
Time 32
Waiting clients: (19,33,2);(48,35,7);(28,37,5);(36,38,4);(20,40,4);
Queue 1: (24,27,3); (32,30,7);
Queue 2: (12,23,1); (29,26,1); (1,28,3); (27,29,6); (45,30,4);
Queue 3: (30,24,2); (42,26,6); (34,30,5); (46,32,2);
Queue 4: (10,26,6); (31,30,7);
Queue 5: (16,26,3); (17,29,1); (4,30,6); (7,31,3);
Time 33
Waiting clients: (48,35,7);(28,37,5);(36,38,4);(20,40,4);
Queue 1: (24,27,2); (32,30,7);
Queue 2: (29,26,1); (1,28,3); (27,29,6); (45,30,4);
Queue 3: (30,24,1); (42,26,6); (34,30,5); (46,32,2);
Queue 4: (10,26,5); (31,30,7); (19,33,2);
Queue 5: (16,26,2); (17,29,1); (4,30,6); (7,31,3);
Time 34
Waiting clients: (48,35,7);(28,37,5);(36,38,4);(20,40,4);
Queue 1: (24,27,1); (32,30,7);
Queue 2: (1,28,3); (27,29,6); (45,30,4);
Queue 3: (42,26,6); (34,30,5); (46,32,2);
Queue 4: (10,26,4); (31,30,7); (19,33,2);
Queue 5: (16,26,1); (17,29,1); (4,30,6); (7,31,3);
Time 35
Waiting clients: (28,37,5);(36,38,4);(20,40,4);
Queue 1: (32,30,7); (48,35,7);
Queue 2: (1,28,2); (27,29,6); (45,30,4);
Queue 3: (42,26,5); (34,30,5); (46,32,2);
Queue 4: (10,26,3); (31,30,7); (19,33,2);
Queue 5: (17,29,1); (4,30,6); (7,31,3);
Time 36
Waiting clients: (28,37,5);(36,38,4);(20,40,4);
Queue 1: (32,30,6); (48,35,7);
Queue 2: (1,28,1); (27,29,6); (45,30,4);
Queue 3: (42,26,4); (34,30,5); (46,32,2);
Queue 4: (10,26,2); (31,30,7); (19,33,2);
Queue 5: (4,30,6); (7,31,3);
Time 37
Waiting clients: (36,38,4);(20,40,4);
Queue 1: (32,30,5); (48,35,7);
Queue 2: (27,29,6); (45,30,4);
Queue 3: (42,26,3); (34,30,5); (46,32,2); (28,37,5);
Queue 4: (10,26,1); (31,30,7); (19,33,2);
Queue 5: (4,30,5); (7,31,3);
Time 38
Waiting clients: (20,40,4);
Queue 1: (32,30,4); (48,35,7);
Queue 2: (27,29,5); (45,30,4);
Queue 3: (42,26,2); (34,30,5); (46,32,2); (28,37,5);
Queue 4: (31,30,7); (19,33,2);
Queue 5: (4,30,4); (7,31,3); (36,38,4);
Time 39
Waiting clients: (20,40,4);
Queue 1: (32,30,3); (48,35,7);
Queue 2: (27,29,4); (45,30,4);
Queue 3: (42,26,1); (34,30,5); (46,32,2); (28,37,5);
Queue 4: (31,30,6); (19,33,2);
Queue 5: (4,30,3); (7,31,3); (36,38,4);
Time 40
Waiting clients:
Queue 1: (32,30,2); (48,35,7);
Queue 2: (27,29,3); (45,30,4); (20,40,4);
Queue 3: (34,30,5); (46,32,2); (28,37,5);
Queue 4: (31,30,5); (19,33,2);
Queue 5: (4,30,2); (7,31,3); (36,38,4);
Time 41
Waiting clients:
Queue 1: (32,30,1); (48,35,7);
Queue 2: (27,29,2); (45,30,4); (20,40,4);
Queue 3: (34,30,4); (46,32,2); (28,37,5);
Queue 4: (31,30,4); (19,33,2);
Queue 5: (4,30,1); (7,31,3); (36,38,4);
Time 42
Waiting clients:
Queue 1: (48,35,7);
Queue 2: (27,29,1); (45,30,4); (20,40,4);
Queue 3: (34,30,3); (46,32,2); (28,37,5);
Queue 4: (31,30,3); (19,33,2);
Queue 5: (7,31,3); (36,38,4);
Time 43
Waiting clients:
Queue 1: (48,35,6);
Queue 2: (45,30,4); (20,40,4);
Queue 3: (34,30,2); (46,32,2); (28,37,5);
Queue 4: (31,30,2); (19,33,2);
Queue 5: (7,31,2); (36,38,4);
Time 44
Waiting clients:
Queue 1: (48,35,5);
Queue 2: (45,30,3); (20,40,4);
Queue 3: (34,30,1); (46,32,2); (28,37,5);
Queue 4: (31,30,1); (19,33,2);
Queue 5: (7,31,1); (36,38,4);
Time 45
Waiting clients:
Queue 1: (48,35,4);
Queue 2: (45,30,2); (20,40,4);
Queue 3: (46,32,2); (28,37,5);
Queue 4: (19,33,2);
Queue 5: (36,38,4);
Time 46
Waiting clients:
Queue 1: (48,35,3);
Queue 2: (45,30,1); (20,40,4);
Queue 3: (46,32,1); (28,37,5);
Queue 4: (19,33,1);
Queue 5: (36,38,3);
Time 47
Waiting clients:
Queue 1: (48,35,2);
Queue 2: (20,40,4);
Queue 3: (28,37,5);
Queue 4: closed
Queue 5: (36,38,2);
Time 48
Waiting clients:
Queue 1: (48,35,1);
Queue 2: (20,40,3);
Queue 3: (28,37,4);
Queue 4: closed
Queue 5: (36,38,1);
Time 49
Waiting clients:
Queue 1: closed
Queue 2: (20,40,2);
Queue 3: (28,37,3);
Queue 4: closed
Queue 5: closed
Time 50
Waiting clients:
Queue 1: closed
Queue 2: (20,40,1);
Queue 3: (28,37,2);
Queue 4: closed
Queue 5: closed
Time 51
Waiting clients:
Queue 1: closed
Queue 2: closed
Queue 3: (28,37,1);
Queue 4: closed
Queue 5: closed
Time 52
Waiting clients:
Queue 1: closed
Queue 2: closed
Queue 3: closed
Queue 4: closed
Queue 5: closed
Time 53
Waiting clients:
Queue 1: closed
Queue 2: closed
Queue 3: closed
Queue 4: closed
Queue 5: closed
Time 54
Waiting clients:
Queue 1: closed
Queue 2: closed
Queue 3: closed
Queue 4: closed
Queue 5: closed
Time 55
Waiting clients:
Queue 1: closed
Queue 2: closed
Queue 3: closed
Queue 4: closed
Queue 5: closed
Time 56
Waiting clients:
Queue 1: closed
Queue 2: closed
Queue 3: closed
Queue 4: closed
Queue 5: closed
Time 57
Waiting clients:
Queue 1: closed
Queue 2: closed
Queue 3: closed
Queue 4: closed
Queue 5: closed
Time 58
Waiting clients:
Queue 1: closed
Queue 2: closed
Queue 3: closed
Queue 4: closed
Queue 5: closed
Time 59
Waiting clients:
Queue 1: closed
Queue 2: closed
Queue 3: closed
Queue 4: closed
Queue 5: closed
Average waiting time: 20.1
Average processing time: 3.94
Peak hour: 30